(341, 45)
(371, 83)
(40, 7)
(413, 125)
(44, 256)
(59, 103)
(394, 29)
(363, 216)
(397, 41)
(530, 25)
(315, 99)
(350, 69)
(440, 183)
(353, 47)
(203, 175)
(460, 134)
(293, 279)
(71, 43)
(294, 101)
(14, 7)
(293, 294)
(457, 256)
(200, 109)
(272, 295)
(461, 229)
(191, 1)
(249, 136)
(233, 118)
(457, 128)
(156, 118)
(367, 126)
(170, 151)
(321, 97)
(241, 1)
(257, 290)
(262, 197)
(279, 236)
(412, 242)
(254, 268)
(148, 117)
(538, 187)
(288, 106)
(409, 291)
(296, 287)
(449, 306)
(228, 83)
(541, 291)
(83, 132)
(183, 110)
(227, 7)
(393, 253)
(304, 41)
(298, 8)
(342, 101)
(423, 218)
(65, 6)
(153, 246)
(399, 234)
(420, 27)
(345, 78)
(267, 162)
(63, 22)
(552, 82)
(294, 245)
(289, 190)
(339, 264)
(356, 141)
(528, 120)
(435, 63)
(400, 15)
(173, 147)
(73, 97)
(203, 209)
(69, 203)
(237, 280)
(356, 29)
(351, 234)
(532, 240)
(148, 292)
(553, 13)
(442, 1)
(404, 164)
(346, 210)
(129, 224)
(482, 94)
(12, 309)
(549, 249)
(453, 98)
(537, 40)
(226, 277)
(516, 248)
(260, 48)
(175, 252)
(53, 183)
(83, 244)
(42, 4)
(360, 197)
(145, 267)
(215, 64)
(546, 70)
(80, 213)
(99, 177)
(344, 2)
(93, 57)
(292, 311)
(232, 299)
(485, 308)
(469, 262)
(130, 231)
(425, 271)
(107, 63)
(338, 20)
(188, 294)
(179, 1)
(329, 123)
(27, 262)
(79, 279)
(344, 279)
(150, 234)
(322, 170)
(492, 62)
(190, 153)
(446, 256)
(131, 21)
(370, 172)
(476, 81)
(233, 142)
(251, 237)
(163, 10)
(479, 311)
(201, 70)
(96, 232)
(39, 73)
(515, 21)
(278, 186)
(508, 184)
(143, 91)
(210, 141)
(455, 205)
(414, 100)
(70, 160)
(283, 72)
(230, 283)
(26, 123)
(60, 260)
(498, 112)
(78, 101)
(404, 69)
(488, 4)
(479, 202)
(185, 73)
(214, 171)
(291, 116)
(357, 290)
(131, 54)
(237, 295)
(185, 132)
(453, 131)
(502, 192)
(354, 159)
(150, 287)
(442, 220)
(245, 240)
(16, 46)
(57, 35)
(532, 200)
(452, 169)
(139, 107)
(474, 21)
(421, 254)
(391, 59)
(233, 247)
(313, 96)
(515, 216)
(106, 238)
(401, 254)
(489, 29)
(68, 215)
(204, 289)
(176, 76)
(210, 123)
(462, 163)
(340, 218)
(101, 32)
(464, 173)
(272, 206)
(514, 64)
(3, 221)
(555, 204)
(390, 31)
(307, 136)
(301, 229)
(91, 6)
(364, 233)
(506, 3)
(119, 39)
(316, 143)
(109, 144)
(68, 174)
(334, 73)
(114, 72)
(308, 128)
(475, 41)
(475, 299)
(118, 142)
(383, 287)
(61, 214)
(120, 98)
(123, 258)
(267, 295)
(397, 307)
(27, 112)
(79, 307)
(458, 62)
(321, 103)
(292, 33)
(237, 137)
(114, 274)
(231, 216)
(168, 298)
(526, 234)
(501, 272)
(257, 193)
(208, 56)
(120, 151)
(160, 32)
(58, 304)
(479, 140)
(549, 265)
(183, 10)
(306, 206)
(482, 102)
(491, 200)
(383, 248)
(362, 112)
(247, 80)
(488, 265)
(524, 114)
(503, 164)
(71, 246)
(89, 134)
(481, 126)
(160, 82)
(101, 119)
(53, 246)
(164, 302)
(319, 30)
(321, 217)
(115, 26)
(1, 246)
(375, 117)
(496, 56)
(536, 69)
(268, 97)
(165, 81)
(259, 162)
(357, 144)
(415, 5)
(230, 223)
(452, 14)
(23, 95)
(419, 172)
(309, 29)
(358, 308)
(299, 248)
(516, 288)
(395, 278)
(216, 273)
(370, 232)
(329, 5)
(76, 296)
(507, 117)
(399, 284)
(80, 25)
(345, 65)
(48, 54)
(46, 251)
(133, 191)
(193, 114)
(169, 29)
(234, 245)
(326, 282)
(255, 161)
(53, 226)
(46, 4)
(553, 161)
(530, 34)
(272, 115)
(77, 268)
(545, 226)
(466, 200)
(236, 270)
(312, 94)
(550, 145)
(290, 83)
(187, 50)
(162, 159)
(454, 19)
(421, 154)
(250, 34)
(513, 209)
(310, 133)
(218, 76)
(67, 23)
(142, 27)
(120, 125)
(16, 219)
(551, 288)
(390, 73)
(496, 102)
(503, 231)
(328, 158)
(281, 291)
(541, 276)
(550, 305)
(255, 228)
(411, 269)
(239, 137)
(231, 281)
(360, 286)
(530, 278)
(107, 119)
(346, 121)
(299, 141)
(60, 303)
(110, 32)
(289, 51)
(82, 290)
(146, 297)
(358, 106)
(465, 214)
(275, 244)
(495, 180)
(277, 84)
(464, 27)
(193, 301)
(284, 2)
(436, 23)
(447, 106)
(145, 243)
(534, 250)
(194, 154)
(512, 71)
(409, 169)
(453, 167)
(164, 19)
(85, 93)
(492, 104)
(453, 75)
(144, 63)
(362, 116)
(544, 260)
(340, 233)
(368, 26)
(93, 199)
(530, 104)
(85, 34)
(459, 176)
(45, 155)
(21, 183)
(81, 62)
(154, 18)
(520, 132)
(227, 239)
(435, 202)
(479, 22)
(167, 221)
(249, 114)
(150, 67)
(400, 278)
(379, 153)
(402, 186)
(181, 150)
(344, 212)
(330, 177)
(124, 119)
(315, 301)
(550, 299)
(96, 114)
(157, 195)
(503, 211)
(204, 220)
(269, 310)
(392, 119)
(495, 5)
(109, 57)
(165, 276)
(111, 165)
(212, 72)
(310, 265)
(454, 275)
(325, 248)
(205, 63)
(395, 274)
(329, 158)
(192, 248)
(48, 243)
(6, 13)
(186, 73)
(33, 154)
(447, 235)
(363, 105)
(355, 148)
(392, 78)
(61, 177)
(522, 299)
(35, 288)
(353, 103)
(48, 279)
(92, 13)
(310, 291)
(450, 223)
(45, 109)
(130, 87)
(541, 4)
(481, 160)
(282, 54)
(521, 68)
(341, 222)
(440, 28)
(108, 3)
(402, 216)
(263, 57)
(27, 214)
(35, 114)
(527, 147)
(361, 252)
(87, 45)
(537, 208)
(539, 131)
(42, 269)
(128, 221)
(302, 9)
(54, 130)
(47, 168)
(162, 308)
(301, 307)
(31, 203)
(384, 304)
(380, 2)
(533, 293)
(6, 34)
(231, 244)
(90, 52)
(213, 253)
(64, 99)
(17, 303)
(371, 86)
(455, 165)
(16, 107)
(551, 254)
(231, 235)
(200, 223)
(553, 13)
(218, 70)
(544, 66)
(331, 60)
(189, 104)
(224, 261)
(180, 295)
(251, 28)
(114, 270)
(216, 219)
(179, 69)
(392, 162)
(318, 167)
(477, 141)
(138, 101)
(317, 113)
(459, 216)
(388, 181)
(527, 90)
(452, 217)
(33, 232)
(449, 36)
(475, 86)
(28, 134)
(356, 13)
(544, 205)
(290, 20)
(424, 286)
(309, 311)
(469, 78)
(32, 27)
(220, 102)
(96, 146)
(150, 117)
(518, 276)
(73, 213)
(341, 78)
(64, 264)
(254, 59)
(39, 56)
(299, 74)
(55, 94)
(97, 233)
(519, 178)
(184, 20)
(243, 80)
(402, 211)
(441, 79)
(447, 85)
(81, 254)
(90, 166)
(52, 253)
(5, 145)
(393, 188)
(58, 223)
(144, 177)
(210, 146)
(314, 169)
(381, 148)
(194, 10)
(464, 169)
(22, 303)
(197, 238)
(319, 38)
(112, 226)
(127, 112)
(202, 8)
(171, 55)
(295, 245)
(473, 136)
(279, 60)
(93, 110)
(239, 303)
(97, 237)
(211, 108)
(51, 230)
(157, 149)
(344, 33)
(54, 148)
(105, 20)
(202, 18)
(132, 125)
(407, 120)
(399, 242)
(345, 243)
(487, 39)
(361, 103)
(58, 248)
(493, 175)
(496, 193)
(355, 76)
(18, 227)
(522, 286)
(150, 152)
(12, 257)
(482, 63)
(209, 167)
(64, 293)
(174, 78)
(248, 78)
(310, 14)
(531, 152)
(328, 200)
(549, 203)
(457, 77)
(331, 258)
(136, 226)
(480, 140)
(515, 233)
(520, 177)
(4, 106)
(92, 34)
(95, 277)
(322, 219)
(432, 156)
(93, 259)
(207, 257)
(474, 205)
(200, 232)
(456, 93)
(397, 6)
(532, 61)
(194, 49)
(451, 11)
(519, 265)
(485, 283)
(259, 213)
(439, 235)
(52, 31)
(167, 133)
(97, 245)
(265, 103)
(336, 250)
(279, 71)
(7, 71)
(201, 115)
(71, 40)
(245, 34)
(322, 116)
(256, 249)
(7, 294)
(274, 226)
(227, 123)
(203, 24)
(106, 205)
(491, 216)
(441, 199)
(63, 17)
(64, 165)
(115, 21)
(309, 262)
(527, 277)
(302, 143)
(98, 162)
(187, 50)
(237, 35)
(115, 142)
(217, 124)
(128, 10)
(442, 11)
(157, 62)
(382, 111)
(513, 199)
(263, 264)
(61, 125)
(253, 204)
(280, 160)
(312, 302)
(502, 37)
(26, 102)
(298, 208)
(476, 47)
(47, 153)
(133, 290)
(518, 260)
(456, 262)
(243, 46)
(175, 81)
(488, 43)
(318, 182)
(354, 300)
(487, 131)
(351, 126)
(23, 92)
(373, 187)
(95, 103)
(188, 191)
(342, 48)
(354, 86)
(213, 75)
(451, 40)
(130, 279)
(512, 79)
(280, 132)
(370, 199)
(236, 69)
(461, 230)
(284, 140)
(155, 163)
(461, 282)
(389, 16)
(100, 28)
(122, 227)
(28, 84)
(412, 178)
(272, 296)
(133, 210)
(413, 280)
(308, 220)
(296, 302)
(262, 14)
(427, 151)
(204, 281)
(549, 55)
(534, 259)
(251, 191)
(290, 270)
(461, 266)
(299, 226)
(66, 241)
(100, 253)
(335, 113)
(406, 196)
(533, 248)
(146, 241)
(508, 274)
(551, 141)
(201, 88)
(29, 200)
(176, 267)
(330, 4)
(403, 250)
(157, 157)
(103, 60)
(121, 112)
(360, 272)
(479, 168)
(232, 291)
(120, 219)
(390, 258)
(470, 66)
(480, 5)
(306, 182)
(495, 134)
(445, 136)
(303, 206)
(486, 253)
(538, 85)
(304, 275)
(452, 26)
(538, 153)
(374, 286)
(391, 293)
(504, 89)
(458, 266)
(284, 235)
(414, 120)
(518, 1)
(368, 251)
(40, 195)
(14, 191)
(258, 275)
(231, 2)
(347, 270)
(197, 13)
(185, 261)
(348, 295)
(108, 180)
(249, 147)
(117, 123)
(500, 139)
(200, 171)
(88, 290)
(125, 265)
(409, 55)
(214, 235)
(186, 261)
(248, 144)
(436, 210)
(290, 151)
(360, 180)
(306, 12)
(131, 228)
(434, 157)
(185, 254)
(56, 76)
(23, 85)
(523, 2)
(290, 186)
(492, 225)
(189, 141)
(8, 86)
(538, 186)
(524, 101)
(157, 11)
(447, 36)
(22, 55)
(223, 304)
(188, 80)
(23, 53)
(227, 288)
(461, 283)
(31, 300)
(500, 275)
(147, 4)
(383, 69)
(213, 77)
(295, 132)
(178, 23)
(162, 140)
(209, 235)
(277, 37)
(200, 22)
(528, 258)
(467, 183)
(304, 187)
(181, 295)
(517, 105)
(508, 212)
(269, 72)
(216, 220)
(409, 274)
(379, 300)
(204, 59)
(246, 11)
(49, 274)
(202, 155)
(205, 239)
(382, 26)
(83, 201)
(450, 123)
(123, 64)
(444, 221)
(485, 221)
(277, 95)
(98, 229)
(527, 82)
(54, 115)
(384, 76)
(20, 163)
(298, 18)
(517, 129)
(41, 182)
(141, 122)
(548, 32)
(9, 248)
(233, 258)
(185, 155)
(217, 181)
(55, 162)
(450, 136)
(387, 196)
(345, 296)
(327, 164)
(247, 177)
(185, 12)
(93, 188)
(523, 126)
(526, 166)
(5, 275)
(461, 151)
(147, 69)
(176, 288)
(300, 239)
(337, 195)
(183, 113)
(260, 225)
(377, 205)
(112, 2)
(67, 87)
(318, 42)
(457, 15)
(7, 215)
(151, 112)
(50, 280)
(91, 214)
(537, 9)
(374, 133)
(548, 286)
(275, 125)
(357, 166)
(524, 287)
(346, 129)
(282, 231)
(250, 305)
(444, 289)
(234, 21)
(139, 33)
(83, 295)
(144, 68)
(379, 110)
(317, 248)
(339, 159)
(109, 101)
(184, 52)
(343, 216)
(61, 136)
(165, 293)
(431, 157)
(436, 186)
(487, 8)
(475, 18)
(351, 133)
(18, 53)
(22, 110)
(93, 223)
(210, 49)
(257, 72)
(115, 95)
(269, 28)
(234, 82)
(239, 95)
(519, 95)
(485, 289)
(449, 276)
(77, 19)
(51, 153)
(68, 299)
(43, 149)
(336, 271)
(341, 300)
(10, 284)
(375, 195)
(62, 102)
(330, 256)
(370, 71)
(517, 225)
(171, 136)
(412, 200)
(366, 25)
(31, 41)
(195, 68)
(451, 170)
(193, 225)
(54, 58)
(527, 88)
(205, 137)
(107, 29)
(548, 85)
(117, 126)
(209, 297)
(321, 295)
(76, 42)
(504, 280)
(119, 271)
(500, 189)
(536, 139)
(119, 221)
(222, 64)
(108, 299)
(292, 266)
(37, 75)
(435, 285)
(100, 218)
(480, 272)
(312, 66)
(197, 132)
(537, 255)
(5, 3)
(474, 194)
(466, 296)
(283, 106)
(176, 215)
(478, 190)
(468, 120)
(53, 263)
(519, 277)
(111, 235)
(420, 236)
(305, 234)
(509, 208)
(497, 105)
(198, 196)
(389, 205)
(438, 66)
(433, 111)
(219, 247)
(311, 178)
(231, 250)
(307, 169)
(27, 121)
(144, 301)
(376, 53)
(20, 116)
(24, 217)
(425, 69)
(282, 74)
(61, 116)
(353, 55)
(54, 243)
(335, 161)
(551, 70)
(319, 302)
(274, 205)
(555, 289)
(429, 38)
(35, 232)
(23, 205)
(149, 59)
(400, 96)
(45, 110)
(266, 71)
(547, 214)
(486, 212)
(251, 118)
(300, 68)
(170, 237)
(404, 246)
(33, 298)
(418, 141)
(258, 39)
(193, 40)
(473, 59)
(1, 200)
(337, 104)
(391, 111)
(352, 119)
(198, 67)
(123, 73)
(541, 99)
(344, 82)
(347, 101)
(314, 122)
(113, 270)
(9, 3)
(202, 251)
(218, 157)
(90, 274)
(264, 13)
(518, 191)
(79, 41)
(504, 76)
(104, 308)
(379, 19)
(522, 84)
(505, 85)
(400, 242)
(492, 258)
(531, 4)
(169, 26)
(477, 186)
(50, 62)
(1, 243)
(397, 59)
(57, 159)
